500013.380	4400092.832	104.491	0.6370
500012.857	4400059.159	122.985	0.9018
500079.708	4400072.077	140.982	0.7555
500049.927	4400023.530	134.551	0.2988
500059.003	4400059.201	142.830	0.6449
500060.149	4400080.220	102.733	0.3401
500071.217	4400088.669	124.860	0.7498
500002.868	4400086.733	101.702	0.3848
500048.550	4400096.733	109.574	0.1532
500014.792	4400012.875	142.294	0.8765
500040.149	4400077.872	103.658	0.6904
500092.821	4400046.707	129.394	0.7447
500054.775	4400068.569	101.007	0.5596
500007.042	4400027.714	115.435	0.7829
500054.274	4400001.457	146.638	0.4479
500012.977	4400008.311	115.868	0.5658
500075.443	4400097.267	115.453	0.0626
500094.832	4400089.594	104.461	0.5551
500097.944	4400030.342	138.734	0.8146
500062.188	4400042.994	108.633	0.7055
500086.833	4400024.092	124.945	0.8032
500036.899	4400014.769	101.229	0.4961
500014.574	4400085.750	101.102	0.8813
500051.139	4400067.336	141.956	0.1083
500044.373	4400007.665	100.391	0.8757
500066.284	4400020.221	123.315	0.3713
500099.454	4400056.372	121.361	0.0910
500027.530	4400090.143	106.360	0.6193
500085.571	4400099.596	132.246	0.4549
500013.796	4400021.714	136.962	0.4284
500034.774	4400061.148	149.250	0.8520
500078.803	4400003.307	109.782	0.1378
500024.762	4400017.456	146.161	0.6169
500067.036	4400020.076	103.096	0.4138
500045.899	4400044.200	107.063	0.5283
500051.238	4400034.574	129.919	0.4994
500094.127	4400072.699	143.364	0.1341
500081.673	4400046.890	144.787	0.5120
500083.917	4400033.901	136.998	0.8621
500054.907	4400090.613	101.347	0.1712
500098.226	4400062.535	120.865	0.0115
500098.091	4400069.736	140.256	0.0676
500013.511	4400074.591	126.399	0.4598
500020.450	4400033.932	109.508	0.9745
500030.836	4400089.131	134.043	0.0442
500055.373	4400001.687	104.645	0.9909
500082.386	4400030.680	134.865	0.5361
500048.362	4400015.982	100.898	0.1201
500098.376	4400000.401	118.015	0.4185
500035.327	4400099.643	114.648	0.2074
